0.0576319694519
0.0422201156616
0.0315392017365
0.0229358673096
0.0311000347137
0.0279641151428
0.0238709449768
0.0305790901184
0.0232400894165
0.040265083313
0.0276560783386
0.0228550434113
0.0263378620148
0.0282011032104
0.0684640407562
0.0415780544281
0.0283398628235
0.0226619243622
0.0276429653168
0.0249397754669
0.0298709869385
0.0365760326385
0.0282549858093
0.0241248607635
5.25649785995
4.25724196434
4.28442811966
3.38356089592
2.50371694565
1.53102898598
0.558830022812
0.0241758823395
0.0264751911163
0.0264849662781
0.0241038799286
0.0211989879608
0.0248529911041
0.0227029323578
0.0227620601654
0.0259430408478
0.0291039943695
0.0219440460205
0.0221869945526
0.0253520011902
0.0279531478882
0.0227038860321
0.0233888626099
